129  10   10   0    8   
171  10   10   0    8   
200  10   10   0    4   
384  250  250  0    6   
409  200  200  0    8   
416  1000 1000 0    8   
672  100  100  0    4   
705  50   50   0    8   
865  10   10   0    8   
896  250  250  0    8   
922  250  250  0    8   
928  500  500  0    2   
929  10   10   0    8   
960  250  250  0    8   
963  500  500  0    8   
984  1000 1000 0    5   
992  500  500  0    4   
1056 10   10   0    4   
1349 1000 1000 0    6   
1376 100  100  0    8   
1377 50   50   0    8   
1381 1000 1000 0    7   
1387 100  100  0    8   
1409 50   50   0    8   
1440 100  100  0    4   
1441 50   50   0    8   
1539 1000 1000 0    8   
1571 250  250  0    1   
1603 1000 1000 0    8   
1635 1000 1000 0    8   
1664 1000 1000 0    8   
1667 1000 1000 0    6   
1715 1000 1000 0    8   
1728 250  250  0    1   
1763 1000 1000 0    8   
1792 1000 1000 0    6   
