1 100 100 0 8
2 100 100 0 8
3 1000 1000 0 8
4 100 100 0 8
5 1000 1000 0 8
6 100 100 0 8
7 5 5 0 7
8 5 5 0 8
9 5 5 0 8
10 100 100 0 8
11 5 5 0 8
12 100 100 0 8
13 1000 1000 0 1
14 50 5 0 4
15 50 20 0 1
16 50 20 0 1
17 50 20 0 2
18 20 20 0 1
19 50 20 0 1
20 50 20 0 3
21 1000 1000 0 2
22 50 20 0 3
23 50 20 0 1
24 50 20 0 1
25 50 20 0 1
26 50 20 0 1
27 50 20 0 1
28 50 20 0 1
29 10 10 0 8
30 10 10 0 8
31 50 20 0 2
32 5 5 0 8
33 1000 1000 0 1
34 50 20 0 8
35 50 20 0 1
36 1000 1000 0 2
37 50 20 0 1
38 50 20 0 1
39 50 20 0 7
40 50 20 0 1
41 50 20 0 1
42 5 5 0 8
43 5 5 0 8
44 50 20 0 1
45 50 20 0 1
46 50 20 0 1
47 50 20 0 1
48 50 20 0 1
49 5 5 0 8
50 50 20 0 2
51 50 20 0 1
52 50 20 0 8
53 50 20 0 1
